0.06156508301210271 0.0498000934611505 0.3916922068221707 
0.0 0.2506007765271193 0.25155324613045515 
0.25439699771363444 0.0 0.25028313299574356 
0.2510514929297829 0.25169306595588714 0.0 
0.1692366571419009 0.1687800133351648 0.16460281994000053 
0.5036129617486225 0.0 0.0 
0.0 0.0 0.5299775496974686 
0.0 0.0 0.5062496536958001 
0.0 0.5006277614576611 0.0 
0.0 0.5005992828991327 0.0019483764872100344 
0.5026724935880225 0.0 0.0012054825656875618 
0.23479806062481215 0.23547673156964807 0.03223235025354475 
0.031211695882374196 0.2283176794889846 0.24073055842246374 
0.08196536717162285 0.08341575188457102 0.33980264367433793 
0.08087819903297508 0.3351133449203406 0.08567199809257758 
0.08196608418379438 0.20790851918997502 0.21150990413140608 
0.2362374991826796 0.028683508684132934 0.2406184772049468 
0.33755120076969775 0.08372549842140592 0.08503081875515431 
0.20714097646905646 0.21001465728445015 0.08359774594423111 
0.2068350794101974 0.08415889481865758 0.2099687242790342 
0.501100189510872 0.0 0.0 
0.04825279550597077 0.29970049880530913 0.1534793131540882 
0.0 0.500776700198335 0.0 
0.5014325683070027 0.0 0.0 
0.49792602170578637 0.0 0.007632068754935809 
0.11572176438922695 0.154814804432842 0.23090164425589552 
0.23354650379083788 0.11251156401118566 0.15513255920349708 
0.10878694333191348 0.3259039539475397 0.06608470999397568 
0.014634638166217026 0.486588605502807 0.0 
0.5036129617486225 0.0 0.0 
0.15190578264905485 0.05082158492502822 0.30043422861836383 
0.004444735447394676 0.49715778311933984 0.0 
0.3286148823983437 0.10757538420152003 0.06717569264723987 
0.1165941597746679 0.2321215591190605 0.15322313717685407 
0.2306679539695345 0.1538113622146849 0.11630294423209053 
0.15304398839579275 0.11539479431101785 0.23317222974947122 
0.11072407769396969 0.06464979082237554 0.32763804929165935 
0.0 0.0 0.5072909449391645 
0.0021499011266349704 0.49453379080515514 0.005741357432550681 
0.0 0.0 0.5057205788776216 
0.0 0.0 0.51153927516091 
0.04861328289087326 0.14793285782637858 0.30698081552514267 
0.15542562915645566 0.22952552934851622 0.11618287369064353 
0.29903140305884557 0.05023749469886155 0.15428169666454536 
0.06533262162329652 0.32439798665355746 0.11143762647794635 
0.15148813849675796 0.2981890875030988 0.05178140538732884 
0.06669388940135354 0.10743754836208536 0.327277694619207 
0.5019730707543353 0.0 0.0 
0.2975166510447529 0.1524189126094683 0.050476923319778495 
0.0 0.4982809051052512 0.0036193769051629365 
0.32906339907420235 0.06606756493137392 0.10984615471038897 
0.0 0.0 0.5062770265516043 
0.5021197804282931 0.005793908981318233 0.001455531657323556 
0.0 0.4803429464603352 0.020812164818203888 
0.0 0.0 0.5094999714825406 
0.0 0.0 0.5392487529125685 
0.04249516740907288 0.4340324815445212 0.025641305167557107 
0.060039464017133275 0.41852685544020973 0.023112878407635803 
0.18395885819103297 0.13299976428563726 0.1842550684311051 
0.2780949820041256 0.2229002734542325 0.0 
0.2723044445862684 0.06845321950522107 0.15945678119865808 
0.43090479381556324 0.04271702148071938 0.028046016749787954 
0.3944900052233667 0.01813025662367327 0.08957447255890699 
0.11818792904621886 0.12014318889400954 0.26541953132302826 
0.1479669302745128 0.14488270949748888 0.20893969797588 
0.4182658788510159 0.019227552005279775 0.06614445159085383 
0.026154981865687377 0.04065005372746007 0.4388288784286934 
0.09579240296577224 0.38905603688226076 0.01792475027786018 
0.08267613777446793 0.017457952438935147 0.40161520160159775 
0.04428842601535717 0.35988215437546117 0.0969888290181057 
0.25242895812935795 0.15984751231538605 0.08853855229326599 
0.04744749928212746 0.21989186526081414 0.2350397209623247 
0.06694192741946381 0.37829355246846375 0.055481924989176604 
0.05268012505415452 0.07059810532078534 0.3777855432688992 
0.11889279800803616 0.2922925064524549 0.09025569363702166 
0.13470925159640407 0.18195760456687093 0.18619346797653338 
0.29455278261260576 0.11914214595277789 0.08872082187452662 
0.023529865821731798 0.4157135457916279 0.06242112759555236 
0.08912622960362475 0.2503643259427241 0.16089359946620718 
0.15707578568565778 0.25293725722448557 0.09126419327134169 
0.27406470797512417 0.16119098994183695 0.06615822207363935 
0.03348097952239299 0.028944102419011034 0.4460037920008748 
0.11796898094107512 0.0862910301175618 0.29775462155320953 
0.16118226299161395 0.08747808242997672 0.2549408611880363 
0.20855799315441584 0.14715077085742576 0.14697901906910416 
0.1436464499180042 0.20941004439395722 0.14757647105944402 
0.3856020781271539 0.05414790465930309 0.06783234717366377 
0.031671855746562234 0.020968862029828828 0.45041925788624265 
0.08889508027350544 0.369620621000285 0.04326577611888016 
0.027284195269182847 0.43130055583709787 0.04606004755536532 
0.1348423412102646 0.33244692777587465 0.03328443967816946 
0.2635200824760291 0.1185565846734694 0.11951429154444373 
0.0637630785149477 0.2151230683936852 0.22139622603022058 
0.3341358676707706 0.03453057885870672 0.13759482115431634 
0.07009275236978467 0.055048656877647775 0.3764265641326797 
0.10704425781629523 0.1952819144006081 0.19999308497232832 
0.19874997456261587 0.10641863067246418 0.19542658726309614 
0.047169835337539545 0.02220419843252491 0.43352973053485344 
0.11577666248644822 0.2633071248666773 0.12156917845940544 
0.15954029174576573 0.06412681790414058 0.2780319524469763 
0.25036656097819165 0.007189720188022237 0.2479007134025838 
0.09183512532215891 0.04378866574542532 0.36745585707131967 
0.08680048079054989 0.15827472820255925 0.25619318917383344 
0.08930026831928387 0.12078164735300248 0.30165773100742294 
0.06843071621405837 0.271517791651839 0.1622846680454063 
0.054669486149386194 0.37602852227208594 0.06967279764091644 
0.1965126197199613 0.1972137120506876 0.10806978453903357 
0.37965422065335563 0.06833445153590782 0.05336649137356938 
0.030753164980572973 0.33549802109151156 0.13447613427470934 
0.21866153873289296 0.21901271086750332 0.06379238454759893 
0.3709380290193835 0.08966068873357351 0.04243202454421501 
0.006378227517282143 0.22693995455740068 0.2701670376328613 
0.09008949560426754 0.2952230864225952 0.11705226473923809 
0.38720222192203785 0.10149988865076333 0.016072453311056962 
0.020679388518974353 0.06202207014937297 0.42502577235589867 
0.4352913018633808 0.03351246082437285 0.033389074615629406 
0.25438825879707727 0.09129699306868647 0.15599765960987846 
0.12580046169883113 0.03393194326594211 0.34193570038623156 
0.29577675805196624 0.08933495336612747 0.11651464972708574 
0.06921641760079893 0.15521305465375215 0.27822699684587493 
0.15800024182278888 0.27405303922724294 0.06880029335477036 
0.21580080079288533 0.06473203811959406 0.221378086708461 
0.034260024338866726 0.43222465201526866 0.033930873330438316 
0.43118999258163593 0.028723775810845724 0.04729928593667655 
0.1833784339025105 0.1851233522465562 0.13455164927979024 
0.24908465190776535 0.23596570774266595 0.016641831043005068 
0.038576481622599974 0.09192929961547336 0.3758348487671016 
0.42080808854575524 0.06330580507821776 0.02214838396571288 
0.03208820309337809 0.12841435932935566 0.34337415667318505 
0.015810635780911547 0.3801126260521078 0.1054731233009921 
0.25511706309718657 0.008821445714164893 0.24003108438870796 
0.3701617523807282 0.041648574747769264 0.09155030832444508 
0.22013488370404166 0.23270299874963546 0.04814153336570277 
0.2210398538214103 0.043217491103559734 0.23612731800986803 
0.32742928357556206 0.14044972695321886 0.033478930393239 
0.021094829073139643 0.23865118981409805 0.24119644006879482 
0.014613172861259257 0.093277332459208 0.396946544747973 
0.0 0.5006277614576611 0.0 
0.5028026123284786 0.0 0.0 
0.5027299451122342 0.0 0.0 
0.40783475871660607 0.011045128598910983 0.08429736468171577 
0.0 0.5008982648957101 0.0 
0.23228369337265023 0.07312200068276671 0.19615695863742663 
0.0 0.5002531767035574 0.0 
0.31454328869853304 0.13280875287324487 0.0544363100569619 
0.0 0.5007972916285404 0.0 
0.13157418915314936 0.31477071783466215 0.054222992388291154 
0.060645217406622945 0.31665916930553606 0.12431791128777799 
0.06225322737617015 0.26013247324440447 0.17991152186313017 
0.0 0.5005617175765416 0.0 
0.37256759117814503 0.08544774841138313 0.04773536897088651 
0.13993764330560196 0.1281999840850179 0.23539235054462615 
0.3134313533424077 0.056369034558840035 0.13534517008635927 
0.5026724935880225 0.0 0.0012054825656875618 
0.09132570792759502 0.3322981155390578 0.07799404713496946 
0.18874315133831274 0.21696375875327809 0.09507314115183002 
0.17823530775557792 0.11776288960798607 0.20440756834067272 
0.24471060934461616 0.08307329536976106 0.17390672220235104 
0.0318564082649029 0.028460975020360976 0.4477593276118897 
0.04465436797107592 0.27979164018683933 0.17719860986442984 
0.002868906131890983 0.49878147642588083 0.0 
0.1378338714606496 0.2345471855566805 0.12903468731772363 
0.2582500733725561 0.14522788028620268 0.09793821095277527 
0.06309352075739867 0.37984390128171064 0.05855084404086484 
0.1523832854552022 0.3203445535901737 0.029134161081330844 
0.5018024530815897 0.0 0.0 
0.16640138064165333 0.1468749502840554 0.18846168100519867 
0.01941317830002624 6.809531931695049E-4 0.5010503801987993 
0.09108452462915552 0.1442223523293764 0.26615759719554616 
0.3814114995447739 0.06396425736332637 0.05860975721076474 
0.20767568986555277 0.13230819352705123 0.16098911797420679 
0.05497085649177815 0.19478254289061264 0.2514533561434269 
0.08961117447235917 0.07756398360940017 0.33720437152631905 
0.0703531575144547 0.40968641941011474 0.020790717892686158 
0.12199159738899278 0.03412819969912374 0.35081010614393926 
0.26353572088625876 0.17525602809608215 0.062008855072887954 
0.0 0.0 0.5079621747368641 
0.23514842332668398 0.14103208664430858 0.12777051475448667 
0.12921192183923533 0.2339061401159515 0.14124698672989747 
0.16111785623189484 0.02660070234389348 0.3205195474418334 
0.09215174100637524 0.18743237457042877 0.22083844151704474 
0.04693864348064725 0.02612402984733623 0.43173003836455265 
0.43791298087014924 0.031360152174759015 0.03594687250414764 
0.10808596255637302 0.09583106980543084 0.3022486327752662 
0.16238532199836198 0.13095280166826634 0.21019995016328347 
0.18747543867006528 0.16517124869955752 0.14878283202896525 
0.05548774170362447 0.12956759020757636 0.32191784220124486 
0.1040405277483064 0.03935681181969463 0.36005345470450717 
0.43732459364510723 0.03614175926344213 0.029476067573161385 
0.021541106344171484 0.0546972603691739 0.42714916659838187 
0.14868185074623194 0.18511175991371412 0.1673465845183714 
0.07253556344818593 0.37722444696841884 0.050497393320475856 
0.0772780636450553 0.2803206295842794 0.14453699773367748 
0.055967223622186056 0.30837413515407863 0.13844457155913806 
0.1773694866195546 0.3153581157883975 0.01031446064506381 
0.026154981865687377 0.04065005372746007 0.4388288784286934 
0.13532378877424517 0.07576602314670691 0.29150297828669297 
0.10026587364820048 0.2567875001133199 0.14498300049778617 
0.18647932981667925 0.14908581280562377 0.16686665458356773 
0.14378930271785012 0.2577293405584325 0.10013772930001485 
0.06630123192600017 0.046231362395393674 0.39073951442980165 
0.0 0.0 0.5072909449391645 
0.07467746043729996 0.08579594339152559 0.3421257396976239 
0.10005475379941015 0.296197677055014 0.10574775804222064 
0.44255741560617934 0.02594925099364421 0.03455030031786808 
0.20780454344357585 0.16268426682631 0.1319864972171407 
0.05045262815912138 0.37890305626397164 0.07244961414669727 
0.13155696878936543 0.109370850358478 0.26321438385870843 
0.3212127130498277 0.05950548338650085 0.12110998398463113 
0.14925955457791648 0.1646883996755855 0.18692953829449951 
0.1200501786304942 0.20451805666831646 0.18019809766399156 
0.33096695930070164 0.09996375382915723 0.07071300489050211 
0.13224721883890458 0.1594895009348539 0.2087891356177393 
0.044027115111207375 0.16430296406885286 0.2933238718230286 
0.1760562654816011 0.08146542706802587 0.2477336057128473 
0.5035643115331211 0.001090007870897232 0.0 
0.2275699429109571 0.10407516754160395 0.17099045193541484 
0.12842218727216329 0.2892778803001291 0.08273057510544772 
0.10476561688018284 0.2252919312072306 0.17209593240060733 
0.14147003074399758 0.28374663854699145 0.07614366860818093 
0.11735699439638184 0.17913765977879376 0.2054399609445275 
0.16968787399809254 0.10264333532548854 0.22813162891459887 
0.19386666337980957 0.07348620965088128 0.23754802255453392 
0.3949706513344302 0.08675504796052884 0.01973156065695008 
0.1605616614257165 0.010069016803416434 0.3312708660986429 
0.27986351674901566 0.14405158160701007 0.07783352662389903 
0.4427330450872175 0.043717909627512555 0.018131416912041197 
0.04726141459134553 0.36741548330846446 0.08590910935615492 
0.0 0.5006239612320158 0.0 
0.20435751761154045 0.11851084418511795 0.17882741363377413 
0.4176605884180611 0.017418175297312998 0.07342621417289436 
0.08194241892082774 0.17266928919768207 0.2457826847158366 
0.5035488773438619 0.0 0.0 
0.5034628994199704 0.0 0.0 
0.38541471264567434 0.0582375844384706 0.05950916083335492 
0.1282771762317373 0.14151853644240778 0.23309368034825326 
0.29553513127401526 0.10651692143956824 0.09886375710080003 
0.29058336309436317 0.12945601795549008 0.08134562569983468 
0.0 0.500776700198335 0.0 
0.33427760723054867 0.07783953492324333 0.09158022424769748 
0.10888425888283741 0.1307937847605313 0.26373845665019396 
0.047183569248598706 0.023828987932208417 0.43399692516293586 
0.33276093754323327 0.07065543274915535 0.10019437909225296 
0.0 0.0 0.5062496536958001 
0.037191450616605705 0.19282751204973458 0.27146396499161835 
0.13618561209310837 0.05605631388470864 0.3124525369234388 
0.03369160324727374 0.4367097624054898 0.030313916056698944 
0.4291679341763667 0.022398421392946698 0.05287325584545039 
0.07083573697773883 0.3304725561985655 0.10173974834127938 
0.08267613777446793 0.017457952438935147 0.40161520160159775 
0.09722922324223676 0.3311004102935354 0.07282799400272286 
4.6693642079177435E-4 0.020920687615457643 0.4816771112972195 
0.10048958113653186 0.070897187322646 0.33508911602650154 
0.07027932584530583 0.100078129023899 0.3350518971628327 
0.03963180379034187 0.35764427347227706 0.10576211232364961 
0.19279067959961366 0.2846537756825144 0.02687899387921952 
0.2298458325228102 0.1970921373684883 0.07344932374133249 
0.11093854386252563 0.25863072078444904 0.1334569839749877 
0.28589233143956744 0.07340503681819593 0.1433442421911979 
0.26262939155344867 0.13170166202129205 0.10811579514725239 
0.5008060137788646 0.0 0.0013220907315258748 
0.052054483062602915 0.24738689348421386 0.20223962709533427 
0.33493325397442636 0.1562356575399854 0.010717431249711846 
0.12042126190868421 0.0038484454944931776 0.38025950626706834 
0.2643973924231579 0.10793993300719895 0.13046278816592277 
0.026275121231004235 0.4244213434323987 0.05022112378195647 
0.0 0.5007056507781211 0.0 
0.13150201303439205 0.207550210678189 0.16329517825009576 
0.04117129335438997 0.023639412157609604 0.4378382488781946 
0.07926113039664023 0.37666762010838645 0.04587732843484328 
0.18964986366199799 0.09404959159959508 0.21684926717558387 
0.2499752034038981 0.19614234550739604 0.05547667318997023 
0.09978997394458453 0.36054971103973704 0.04031781566458244 
0.1319941213074389 0.08238742133225824 0.2864398768302125 
0.23617518284922306 0.12711608864190738 0.14077947802580745 
0.07975051093946359 0.24284184886971735 0.17859187853345207 
0.018213270565744597 0.4004436937059958 0.08328890113533106 
0.16162574378908529 0.20625956849317983 0.13289288266830296 
0.166324443126562 0.1851402503405574 0.1503027634001438 
0.33169335413045586 0.09281603953136437 0.07865260183339531 
0.283271465151634 0.041103459317741675 0.17637663979149454 
0.36083627558220144 0.10570365568048448 0.03900079431965662 
0.03220851828099129 0.42950169770395724 0.03996563311605309 
0.07332721761455932 0.1924606926955896 0.23491164769506376 
0.3122612406036819 0.1610611927868466 0.02967198699680818 
0.03902962619126579 0.43073120900675343 0.031014210173773267 
0.030160469479901468 0.3113073007227315 0.1604476652888289 
0.25975452716292413 0.10057102869360804 0.14230391999092773 
0.17508273247076103 0.24413210382100914 0.08103476607536039 
0.07725754468436036 0.33219098008765896 0.09340337300382692 
0.22397528548100426 0.17175956509110696 0.10601909718127998 
0.020461534423356888 0.06772015751115387 0.4208353987849657 
0.16988632475338575 0.22571526963602948 0.10625825216814624 
0.07356165368440755 0.23079111214936718 0.1976208111690259 
8.503512394569216E-5 8.140398655635548E-5 0.5158605551133035 
0.08393631228082912 0.1262724783725135 0.2948758661229903 
0.021598975089265837 0.18658110715288792 0.29231616438967767 
0.09687711069963793 0.10955928574202305 0.30131922560576185 
0.1770739451275622 0.26265910755535105 0.06377301164519383 
0.056411841995856124 0.05804556833404629 0.3931707763688913 
0.28930610904952897 0.022588777955948644 0.194196495029745 
0.05261153755684114 0.07570048006701663 0.38003870600109246 
0.2195026735184557 0.18685418498057793 0.09435811334034364 
0.0 0.0 0.5014698304485083 
0.5014325683070027 0.0 0.0 
0.1077171653102241 0.2945870261127651 0.09884379807398536 
0.14275537219213585 0.09292859685552547 0.2662776213972597 
0.37500602626559615 0.05138199137426978 0.07632981381753352 
0.10729096085982537 0.16882945870105923 0.22783713403932437 
0.039886033848230154 0.10108424779619572 0.36209938300670824 
0.08397358524934435 0.28857201502899293 0.12974898995206327 
0.001562453501310035 0.49757280861581255 0.0019121169655855407 
0.0 0.0 0.5047477660147788 
0.09454717869538884 0.21707196121235747 0.19046743564770258 
0.1158890196934614 0.059244784210522775 0.32820890319997514 
0.11325863551720784 0.3508700610097482 0.03662838099021011 
0.29799072223021245 0.09825622259264633 0.10837167464539636 
0.3233189399063126 0.030431752066499892 0.15513162549210746 
0.31921718535824445 0.11946478086148292 0.06318327320096791 
0.4347035275160073 0.03788544661725769 0.030124504746147546 
0.35743129786564143 0.03964142094809927 0.1072961100596838 
0.1318507218274974 0.2613968312735957 0.10950089974870579 
0.3602145743219042 0.01633623395238329 0.1284779047010316 
0.07075740758238917 0.016610792671221668 0.43073915720329825 
0.3458108021353122 0.11739111092879508 0.03794068665881808 
0.0 0.0 0.5158334360735868 
0.057875827102930016 0.12150719666996254 0.32360005314046175 
0.020132663053724235 0.4108519118746036 0.07062876914316601 
0.24357636947492675 0.17618017438583486 0.08287207780090952 
0.37446458601381577 0.07477388093759146 0.05202167141953264 
0.058241247272078495 0.3801963206610645 0.06380425056720508 
0.2582800693773765 0.04079711909190828 0.2108837734857619 
0.34694463607707704 0.03912567296281713 0.11880575693034433 
0.2950472571822424 0.08571011288514184 0.12079470873862656 
0.011042913193189858 0.32003234707328143 0.17473602495647397 
0.0 0.4954935471081522 0.006063538802456232 
0.0371733455849518 0.34856547861233766 0.1174302037391777 
0.2575451916774526 0.20356078994108975 0.040097346279049734 
0.04340707662247622 0.43353394416066665 0.023799737125070178 
0.24222747984517218 0.05550848671449839 0.20679389432259246 
0.0 0.0 0.5062770265516043 
0.2195053330622202 0.09540446326802311 0.18645179289627956 
0.026231233060723957 0.15706159153122154 0.31797689905778725 
0.03348097952239299 0.028944102419011034 0.4460037920008748 
0.012976918373975502 0.35870207472279053 0.12885860655096587 
0.0 0.4803429464603352 0.020812164818203888 
0.06243190966924572 0.17376266522356193 0.2679173882031686 
0.12062498367506277 0.3180344738857488 0.06174897352516269 
0.07610524271289282 0.14173247900218008 0.2870618224087646 
0.04900625697664452 0.4300346499345567 0.022237536225663865 
0.1783995502484681 0.20303863116846388 0.11890960739126513 
0.2620462391308493 0.0632306667676412 0.17579471774448813 
0.038771512604184544 0.25296774826242374 0.21022026134432867 
0.025932192010736467 0.04815298933230867 0.4291520142375736 
0.022551647637753015 0.2836482780232761 0.19518578896939057 
0.37314434572712424 0.043996724141272994 0.08552365071215025 
0.20412088660190675 0.17814337248129086 0.11987700927000863 
0.002755430626788697 0.16246454275357974 0.34125751553283507 
0.08150779367577343 0.4031366827093096 0.01589870488048349 
0.11579080937502396 0.37198896075550014 0.015169153116490693 
0.17575297181684107 0.06170797626700489 0.2651297898477166 
0.0 0.0 0.5057205788776216 
0.027672653970188036 0.43873076668769195 0.03495284995953416 
0.42555536428255797 0.05506293968392652 0.023895407220508584 
0.2819800415878062 0.19627969167209314 0.023549275926904614 
0.03394949652619297 0.11025077840601223 0.35682386035663555 
0.5019730707543353 0.0 0.0 
0.08079768244138666 0.03807068657766652 0.38416167810877455 
0.49792602170578637 0.0 0.007632068754935809 
0.32288115720671845 0.007670461854725315 0.17433508221303204 
0.2797608378503459 0.17760704794281898 0.04533467144674378 
0.0 0.5005880119993338 4.674832207808869E-4 
0.4260468210117689 0.028152977220357343 0.051927387073400465 
0.19577043916734505 0.024108388853933668 0.28628997405410045 
0.47625940059282684 0.024986805426618318 0.0 
0.46718991642763136 0.0 0.03502998347635663 
0.014634638166217026 0.486588605502807 0.0 
0.4910520103214211 0.013652980988157598 0.0 
0.1918481966085269 0.25511457465350823 0.055206595807769106 
0.19888036564013767 0.044671624627671935 0.2585531120331992 
0.36089960433856283 0.12642614439068584 0.014897413987159555 
0.1940553427071365 0.2699050117244355 0.037582652444742445 
0.16256562879110942 0.2941503999340236 0.04481070389062007 
0.1930651968540267 0.23576667167724974 0.07249985425539188 
0.025854626407654777 0.4147891542346506 0.059783465383452736 
0.0 0.0 0.51153927516091 
0.0020378829464144112 0.005081354380168095 0.502436216237687 
0.1740960810883472 0.04398515324543617 0.2840225625126366 
0.19732121587413856 0.034425283321819676 0.2720697264970514 
0.4171773320935109 0.06549691878949143 0.01968385757913924 
0.0 0.0 0.5094999714825406 
0.0 0.0 0.5014698304485083 
0.04632399893646119 0.08949715860905799 0.36731208834895185 
0.501100189510872 0.0 0.0 
0.0014226689890913815 0.5001867263702008 0.0 
0.4833668123364598 0.0 0.026190464596110446 
0.0 0.5002531767035574 0.0 
0.5050261292541709 0.0 0.0 
0.015493721751643527 0.10937202133307491 0.3785815011521465 
0.0 0.5007056507781211 0.0 
0.03732656129351279 0.0020544384677259665 0.4637483975899705 
0.01767300749270951 0.0728121516332018 0.41927169396115044 
0.4343138221604096 0.06700132055871752 0.0 
0.0 0.0 0.5086679306428916 
0.0 0.0 0.5047477660147788 
0.0 0.46195152276137974 0.04183961296388208 
0.3014973541643415 0.035935855533297395 0.16609808337898072 
0.48791422563165915 0.01003312065401028 0.006976178872259908 
0.26898897372974656 0.22147127458411928 0.010681199375568662 
0.0 0.46071190831144376 0.04296773103777512 
0.008407194131857604 0.01981525446473763 0.4801727028065225 
0.023883478582208063 0.3815107081052214 0.09584702942752604 
0.48012882286996117 0.022960082819757578 0.0 
0.03840952711346785 0.28916617516337834 0.17487840516268505 
0.1829720710681631 0.30120559282410087 0.020535614844370442 
0.21978812501832842 0.22417780650071642 0.0582176138408125 
0.06124390113851551 0.34779368706865743 0.09695505792677248 
0.004257602408696036 0.48871843156312467 0.008106841168580573 
0.40015110714472385 0.057534796188890604 0.046424148179869534 
0.039162498061421816 0.3217462087817851 0.13988193916061625 
0.013632048056001699 0.47144510691619385 0.01618282276843532 
0.06455020572087607 0.06631485718857609 0.3708124432376498 
0.24908465190776535 0.23596570774266595 0.016641831043005068 
0.3670319329465512 0.10533879905907766 0.031007214512961314 
0.13746912512528653 0.06159389053286524 0.30197456796220407 
0.25350507018081847 0.12875958283596645 0.11820229415716443 
0.48805582804706255 0.009077562398525947 0.02056644033909024 
0.03700450960015984 0.06012019158126969 0.4050796898272793 
0.023803000753686993 0.4722907361352563 0.006070987325605103 
0.012171349416481727 0.4640654423977577 0.024847769910323045 
0.3338359530997378 0.11381911070421905 0.05355346052252242 
0.05610193170705167 0.22094010345240309 0.22435728013591477 
0.03170595616782335 0.4664795058513415 0.003128307558495098 
0.06888927056403302 0.36185714701920685 0.07011822655677964 
0.26700655024397224 0.05719086600615648 0.18044404840320344 
0.04671467242574308 0.32078471117112606 0.1329806175328188 
0.19426159126658996 0.2617950895549632 0.04507957327148394 
0.0 0.33598607861132823 0.16528957545789336 
0.08018973624958159 0.3040823121986536 0.1180075509355569 
0.04951190412955449 0.41444253838957407 0.03841257963133376 
0.09703058278480876 0.35305972534008745 0.05034225142550448 
0.4195333468759966 0.05848550294608081 0.026429376779694643 
0.05497085649177815 0.19478254289061264 0.2514533561434269 
0.039037053820408965 0.4113684089538663 0.05132735019483778 
0.3633709214329013 0.06354803741372925 0.07406740217529574 
0.21416404732208733 0.18509474120126462 0.1022153391031476 
0.04789030828202685 0.1911369167346089 0.2618821645403998 
0.08856787363994723 0.23623632572546155 0.17613234607374753 
0.4583699425430886 0.02006201909102269 0.02323103003146285 
0.19270763197842367 0.1394425002152313 0.16927631336082047 
0.2602288791177757 0.06828311255610642 0.17496998905550964 
0.044719365315361324 0.2533256887634534 0.20608863589017337 
0.13102514694657266 0.08801436685348905 0.28471517231804533 
0.029871605229740916 0.27178292665351445 0.19947765425802852 
0.045113717742154696 0.1078473153368664 0.3512722384832495 
0.027021820176178532 0.23350685749464947 0.24177667992195204 
0.16072302432212698 0.15953852342679176 0.18247370055884268 
0.11845451488109447 0.2829926435188515 0.10036293896529418 
0.15781745058300842 0.0828839370794007 0.26498714435489146 
0.07538117659162726 0.36145266213599403 0.06443000682596836 
0.39262890720945987 0.07415684060089375 0.03802263949467945 
0.0025318567508305773 0.011880631823395948 0.4924249065792096 
0.09625532406174951 0.09328814970985923 0.3140034714445509 
0.45783516506029653 0.019998219830634316 0.030611670371143217 
0.22349769038403305 0.151836359705515 0.1258213964780764 
0.12882838392196885 0.11717913809724573 0.2556684367498838 
0.06288207911624034 0.40850827558049246 0.03004243578725777 
0.0522707337043652 0.3291389490739564 0.11958397559761462 
0.06916834310766563 0.30561277699258205 0.12843935466719256 
0.15762978034177058 0.2444967013658758 0.09917811901393922 
0.2832581608244026 0.1572289107228117 0.06259477216807705 
0.14943680224420056 0.1354408276673628 0.21751803336730127 
0.1178021907157936 0.1007866180366584 0.28524290032193467 
0.14282416609107337 0.15658264071595948 0.20232214531204049 
0.03732656129351279 0.0020544384677259665 0.4637483975899705 
0.37500954186318886 0.03555642685980452 0.09765661108999531 
0.21220491599382885 0.07667688957773183 0.21318561676167996 
0.2301900664194679 0.0775413331157915 0.19273346837490654 
0.15123305889401445 0.2943784897196227 0.05634851516422446 
0.4595166197531121 7.797037100317031E-4 0.04288874161795782 
0.3522387310558916 0.016029672749976173 0.1332127426143558 
0.015793882992783524 0.0014582225772283054 0.4883731837344443 
0.08195465584633287 0.3604206921517663 0.057974222805982065 
0.20676499392770675 0.09133289436256287 0.2051522167820914 
0.4193857528083956 0.03912816110097213 0.04684083663751435 
0.13430562547207195 0.2163569433809899 0.1504949182478161 
0.040528276292177534 0.3850615669774327 0.07662359573474023 
0.28462641882931244 0.1192301570834602 0.0991097278902144 
0.2572293308476949 0.08498637965713136 0.15952527844964218 
0.05340877950081794 0.11666108189816121 0.3351617858458619 
0.19439860742338957 0.27470091067448943 0.03391512023788421 
0.2642817545742065 0.14579114802394583 0.0924694342632363 
0.1297703906937426 0.24420118939985755 0.12993940875970608 
0.3937581561439637 0.02763928626665445 0.08675818256558453 
0.2726233975458658 0.14563228100305844 0.08287965083935568 
0.22521735902604167 0.13898798207148488 0.14052824354006854 
0.3507732482057392 0.07879418473919343 0.07408710204609406 
0.12445513593447743 0.3317836997029793 0.044694250508403394 
0.11775421920123938 0.14110110855801258 0.24420003538497007 
0.17157385763780927 0.08908489979736497 0.2420750968218456 
0.2171779609886452 0.06877518194150818 0.21835131494980223 
0.045789164718162426 0.03471938849166352 0.4269799957811267 
0.0014501322347720187 0.030617007552744054 0.47103050104854227 
0.10617251519868286 0.240999535560749 0.15483508824761122 
0.1143755651575615 0.08269695673463631 0.30827035257278856 
0.02770824200981433 0.4516018109397087 0.02136060344511822 
0.18134806426021968 0.10977120814735437 0.20914847767946107 
0.25632760007130395 0.04460090999908038 0.2036299145171464 
0.29635845067982186 0.12952803627831752 0.07557566010253189 
0.19073149226334699 0.18877751138417867 0.12560217053823114 
0.09538859555762139 0.0824395993648474 0.32471917407669293 
0.4779307194975203 0.014965558910112245 0.010670850067369068 
0.18801197309254394 0.12334387129165433 0.1888995101552263 
0.09801040572274744 0.2842936814551688 0.120675677036212 
0.3547436459218166 0.05213638477584492 0.10215335510354327 
0.13852721301331078 0.29877367252091147 0.06385985969553347 
0.07635302585606304 0.209546613794243 0.21524215649319406 
0.45783941770482295 0.027727168840206474 0.021024642438469656 
0.2130030651883554 0.2187414039966846 0.06976943901207495 
0.23821224927224321 0.15606242814455312 0.10641994331276142 
0.08724771623601967 0.34657684314750115 0.06812981309384324 
0.21049472545402792 0.2134031394594954 0.07691860568578412 
0.24621803543785117 0.12665861890471583 0.12910418186085207 
0.17026279188151655 0.19378762617775364 0.14036564233880125 
0.2553912150689161 0.1620371246999364 0.0846056277099015 
0.004258368218596564 0.47254378954219006 0.02619867851015223 
0.41489608707058584 0.047759354889866816 0.039328116202246605 
0.318499167905218 0.10428067222276546 0.07991300574443722 
0.04448449655577949 0.19156154456277172 0.26459843146101836 
0.015793882992783524 0.0014582225772283054 0.4883731837344443 
0.14388410734148058 0.26626992512539566 0.09103216965014432 
0.10174957951524288 0.21253312598426755 0.1875117001172958 
0.1272307456832195 0.22103685180334678 0.15515555682042553 
0.13777224466422347 0.227423638411035 0.1368353649294717 
0.3053302698942991 0.14933269547021683 0.04568370517833417 
0.01361831949749521 0.47351940861867664 0.013399634120935516 
0.19790910430254882 0.12891713478881744 0.17346551230492008 
0.18120745702086583 0.012313941070321873 0.310264491531766 
0.005878782361878942 0.010375894708859862 0.4872705104814836 
0.03928538190878673 0.39387356280547636 0.0692416875133651 
0.37758706312421664 0.024427905720780956 0.10441903360488676 
0.006637147707895898 0.010186523118447623 0.4882983326844056 
0.283271465151634 0.041103459317741675 0.17637663979149454 
0.14157051383116567 0.11566715951630871 0.24670755099964944 
0.13953489450312467 0.17122394013477693 0.18998922428379408 
0.07977800946736642 0.3175116695519088 0.10491714790450328 
0.018486334823232805 0.043838557074628665 0.4391657956145451 
0.15387808604618078 0.15193178322130638 0.19495791929488532 
0.07424171882189616 0.15802320723618823 0.2712948978834059 
0.1544384229114658 0.17356712140887998 0.17284297524257797 
0.08906206634911625 0.3574553928797288 0.05377977037377432 
0.48121884094237255 0.010517276130277552 0.01032489950351025 
0.13689414463269153 0.14768720966982843 0.2173961201336345 
0.27790034078540593 0.11349966763071216 0.11015756353045733 
0.14131524539879767 0.27769897249673525 0.08255347517857863 
0.013514236164026616 0.4779656303604834 0.009459048974750016 
0.20012887458875955 0.14299850089776012 0.15777965915358777 
0.06815464261464373 0.28789799685060985 0.14625248352443398 
0.07280174764109232 0.3484053972680557 0.08050923422247408 
0.17355984852272277 0.23735841909115396 0.08958121142136632 
0.12882474400061408 0.3460486919011192 0.029270632544576784 
0.1443856314091728 0.17813899873665534 0.17913926379173645 
0.08954559075340805 0.14320606111197876 0.2701072420634942 
0.22283420230654089 0.11085045489223672 0.16928383384317716 
0.02807356227511871 0.45585111800979716 0.018266505010603316 
0.10795578900420394 0.3469683365854736 0.04639331228444899 
0.03767134903227472 0.017540620016998906 0.4590915792419432 
0.30650469403303 0.08083222074303317 0.11418726375567902 
0.11675309122807041 0.10885718182586264 0.2781672749774698 
0.0811801400244362 0.34556353615048246 0.07578460759568999 
0.1230815789903912 0.1524200779689356 0.22697157606456508 
0.3607990361487253 0.08362114472506454 0.05999890698411992 
0.03542276682206892 0.04897849126797417 0.4169661915565401 
0.013991618482718524 0.44177249530452867 0.0457790098322158 
0.14924110573840918 0.3267089601817272 0.025586391507816705 
0.36795447521824887 0.06751481261824722 0.06731886537949738 
0.15025309434233874 0.2158869168759724 0.13513809361934312 
0.1935516141174324 0.15392754953695428 0.1539549515704098 
0.4595166197531121 7.797037100317031E-4 0.04288874161795782 
0.08759012924940043 0.06815629998339509 0.3486416652244239 
0.1546288287195145 0.14513883632296748 0.20372057032687133 
0.10973840655805048 0.2082486163136064 0.18318581686287433 
0.05618401498052516 0.014232110774688434 0.4495164715465614 
0.09999688964815215 0.08020333657453121 0.32255998544245923 
0.1731658578882689 0.17305140404425348 0.1557136172044131 
0.07233727789889033 0.3908188137604439 0.03725811441090857 
0.24519599999499958 0.11644113251831013 0.14275185120870487 
0.14811336209898393 0.12554929951007723 0.22764208915952144 
0.11356783841514875 0.024880449607934976 0.37247610146362686 
0.022777628041519626 0.027193624635745633 0.45234520711898246 
0.10828181239442171 0.12088327923210863 0.2776644860745315 
0.10758957368497077 0.04731823239303101 0.34823612218687977 
0.12855246916669893 0.3720092753016647 0.0 
0.10317606029005189 0.18221987496862124 0.2167047779142525 
0.3039538217370215 0.11483940887786709 0.08297907151971752 
0.47763375452907075 0.013234151378652742 0.012649972969811234 
0.17962487785995074 0.1443633072583117 0.18004354794607333 
0.006637147707895898 0.010186523118447623 0.4882983326844056 
0.05438883603353587 0.2671763285992486 0.17969111026132809 
0.14393510011215627 0.24005172221956567 0.11769199712968177 
0.1045923412574318 0.3170080207980439 0.07992632666685519 
0.0460531022146599 0.34294529498980464 0.11199501794314533 
0.17030883453410017 0.15673061819459644 0.17455017547987928 
0.2784491542925801 0.05055250228834913 0.17596075135910536 
0.48121884094237255 0.010517276130277552 0.01032489950351025 
0.17439455440112003 0.12762167621623624 0.199908597097327 
0.24731099551445226 0.0994545892459737 0.15663723035006105 
0.14377924645388407 0.19850049073990508 0.16042686110982532 
0.07948646661419678 0.19004315480374387 0.23087531596217564 
0.2940825717862229 0.0684886366439306 0.14054415487708433 
0.18708100097595276 0.035941618299007994 0.2811306864840863 
0.3927429455671858 0.07116039641603332 0.03815432385325546 
0.12743542102414726 0.12781213923318638 0.24678688959516126 
0.02059058269685781 0.02505443882124639 0.46192575805128383 
0.1197296423285856 0.27395243275476994 0.10843377450147165 
0.22070461606693578 0.16642475247945634 0.11379549227984255 
0.02059058269685781 0.02505443882124639 0.46192575805128383 
0.06848451296667507 0.08757098846016571 0.34872528028553607 
0.12429422618051307 0.1897052409444272 0.1909936633022264 
0.1938801405272074 0.0797405064556225 0.23134436253087223 
0.06769272096889709 0.4200444942218595 0.013985028467329956 
0.12842845049426777 0.07434416685809997 0.30461086889265954 
0.12946078672462769 0.27969399182163013 0.09187029935341676 
0.10998886044501856 0.25207875135245655 0.1410631684351435 
0.11524966763888797 0.1681571426288791 0.22172458365938208 
0.12315883837799882 0.16409914765578196 0.21698631950679864 
0.4200868049904402 0.03969788177781376 0.04402217600360618 
0.08780549237625142 0.1731693107237249 0.2398495694744498 
0.059124526256958146 0.3359902677902163 0.1063644107890889 
0.09929041469495532 0.27292015231625505 0.13155993968370083 
0.11016237050954267 0.13897673934294524 0.2552581570180493 
0.03823082956621771 0.14047593965432406 0.32389326575637667 
0.36350037661971674 0.11624485638692778 0.023734184383339848 
0.3043158722192708 0.061129472954343116 0.13614767401956618 
0.21791088055132748 0.14687207284630585 0.13653511058499157 
0.006097028470657424 0.008188390787805479 0.4889961641607605 
0.19386209888910122 0.24912790135630075 0.060828159881332 
0.2516582308159748 0.14313204706246832 0.10853845880323053 
0.40046195744680574 0.05171473971731783 0.05158080904494421 
0.323466240908457 0.08615538019271621 0.09248818445286709 
0.19380440838920873 0.11341030446978907 0.19298798519392232 
0.1145198686297588 0.01762397919125888 0.3727901931422049 
0.12313763298252188 0.2118390498955547 0.16693404629227468 
0.13748379377406214 0.13907815811961474 0.22624131678937237 
0.35334105528802057 0.0921906283700406 0.055426657115077244 
0.05098186398825796 0.4134860650730941 0.036282066477699056 
0.09669473669241614 0.2309185674540992 0.17429997393127664 
0.32101988346458926 0.07946757436584731 0.10235027005654738 
0.19330407544575567 0.30761571633605034 0.0 
0.09741119721870253 0.04672337084738649 0.3594304494148664 
0.06938493195682764 0.34191722700753435 0.08965615226178927 
0.03407042363159443 0.4155276062615843 0.05413875937230614 
0.35849004886997166 0.06004810958674788 0.08248016749479886 
0.3558311394323101 0.05476449076680694 0.0908247518179973 
0.052340475110932316 0.39621597211874415 0.052008652867217786 
0.17096345395665627 0.13705882659052912 0.19484698386066 
0.16648153784708739 0.22022968021793402 0.11454498317973782 
0.26710378125160705 0.17764948213980322 0.0564375479994618 
0.13143264363025545 0.2706446241767598 0.09976899344770801 
0.34036278383979945 0.09934907320231481 0.06344055320082051 
0.15002306011465397 0.19440475228626966 0.15767877076071932 
0.05606473487851486 0.04604356394662909 0.4054446691480461 
0.4488853029195154 0.0057460435192933585 0.05096994195372284 
0.10299718783088661 0.3391997970037354 0.05818496008804518 
0.3004881583098685 0.14161736295445904 0.06268450025914331 
0.08059411167729089 0.07080896890218699 0.35264256785518067 
0.4652905703302902 0.03914759102909406 0.004511981107639283 
0.28063220984065473 0.12855317743472033 0.09306969361966659 
0.10730004824591363 0.0 0.3963599078155944 
0.2340523591198068 0.09408359418627724 0.17330994438216185 
0.026318281656265638 0.12169549747920823 0.3521538775312092 
0.28600855803845115 0.09971267489576759 0.11916610386571155 
0.25651716434501776 0.11475733479227286 0.1308280817337201 
0.03479568683506627 0.40827282172647655 0.06090738406163305 
0.09612764299875634 0.033532101387089695 0.379916648769107 
0.03754773531047154 0.46340561428799326 0.0 
0.08994565828050897 0.3023523983041157 0.10949531417038534 
0.22636457764615628 0.24009125333734435 0.035258867823308886 
0.006711439509689515 0.4638895249804852 0.03222512117375701 
0.18584525266030738 0.30305344997536643 0.01469233842723758 
0.08832521637120776 0.3201038735722003 0.09504171559339014 
0.4844587022039058 0.0016143640958862842 0.02149636885879105 
0.17904312483745768 0.17728662183698815 0.1453398181108213 
0.21772296044346343 0.13069285272525602 0.15198295760483807 
0.07495756058278101 0.17347620568713382 0.25198689529468926 
0.3253064718260526 0.02588034145036515 0.15629233765957842 
0.01754943499162102 0.4554633112104013 0.02914247924715179 
0.47625940059282684 0.024986805426618318 0.0 
0.19372025506187962 0.16960521218406538 0.13853379230694934 
0.2421028556963194 0.1412395865108948 0.11724398948008523 
0.15810198251233926 0.26697635674427544 0.0753192662207722 
0.03542276682206892 0.04897849126797417 0.4169661915565401 
0.15281145189648723 0.22522308677630834 0.12454747675880029 
0.12781885081232702 0.17253869478941475 0.20109556376202756 
0.1401345953421819 0.18965208228517053 0.1722033630433883 
0.06725806068119841 0.25284454202733025 0.18121635310048673 
0.07423243342263415 0.060229325847485075 0.3681582310502213 
0.18509383530401793 0.2130685879981934 0.10276320056840658 
0.0829159124726918 0.11207054772039825 0.31197406500819275 
0.04511088161002589 0.41510223600888907 0.04072292674825748 
0.17378654178053815 0.1982726159858652 0.12966601626473856 
0.2896844555861048 0.1547691375724292 0.05644041920373959 
0.10589663966536454 0.08425509378289427 0.3116376060355232 
0.16087511259026455 0.1804969259304779 0.15995382276917122 
0.14568316897094413 0.091969005555495 0.269343991506685 
0.07423243342263415 0.060229325847485075 0.3681582310502213 
0.307528398404714 0.1071409192612069 0.08976819281439426 
0.05047249238873543 0.16671536806633921 0.28397379220347985 
0.056296259809973874 0.43016714949549417 0.015088952206357061 
0.021998510947395154 0.14827571021213765 0.3311451467204073 
0.13228020274908794 0.04732941477765769 0.32237596160254767 
0.24857820120194113 0.17720177251848118 0.07547024583719131 
0.18101061980681232 0.15993729349596703 0.1598005017593668 
0.1285067375197069 0.02702645795344803 0.3555763991901284 
0.41565609399534453 0.00725555897291038 0.08037561860425027 
0.31045321673543463 0.06950571105056347 0.12328417434462532 
0.10946618154938759 0.2746671416748092 0.12097081502590366 
0.05267067566241882 0.21808534613144573 0.23010270766261204 
0.0953385676861985 0.2020625994011917 0.204338168919344 
0.08963528671116301 0.05101086100222456 0.3626388606149922 
0.04452916681595871 0.05101525198548665 0.40672853673900455 
0.0336976129510789 0.4517926636109972 0.01697887387488065 
0.04946103361843508 0.055589511696363364 0.4037773513597585 
0.3812305984978122 0.02033111721115265 0.0997081075853272 
0.16183415957827604 0.06310894339132642 0.27866651136787174 
0.34797001991384885 0.0737497431425764 0.07926921458984051 
0.13097551222517348 0.25383381992853277 0.11820272690544244 
0.20992879004805182 0.10898457548798261 0.1824829098030484 
0.045789164718162426 0.03471938849166352 0.4269799957811267 
0.41435585922752305 0.03665730759757208 0.05155626379526321 
0.46695376740440003 0.0016064072247945773 0.03749178282060952 
0.4116722970601442 0.03212918371571754 0.061148868642258464 
0.15781264361451156 0.259480321672382 0.08317220270638628 
0.10539787113714788 0.305098173480335 0.09144451868203551 
0.02106942421706549 0.35391075971890784 0.12639344651723194 
0.3125738126087259 0.11557241231024479 0.07356324035636397 
0.2727841313541391 0.09861144503835488 0.1311709941968079 
0.49327319578032897 0.0073063660519967055 0.003286247103706548 
0.12271251462601337 0.06589747114021871 0.31540668736826716 
0.16650220369132476 0.11321825173915208 0.2213892902106378 
0.10815411795753742 0.1835895331675532 0.20956303275724994 
0.05018574502038899 0.10114527249101118 0.3531087885625857 
0.20404125295077044 0.20563010906953566 0.09110249973210612 
0.03882554349537441 0.16144917538531112 0.3041070040106812 
0.060481210508146546 0.2965127359289481 0.14421150182984413 
0.12599182919989352 0.04465106382328823 0.33818826211482983 
0.1554371187056517 0.05711132342397802 0.28831604280161033 
0.049519802638388774 0.1719064536359716 0.28018189153131584 
0.2986327910902976 0.16896578682484428 0.036408574596977966 
0.38488098141463406 0.08143025450896087 0.03705851480814602 
0.11720507499265698 0.2521984260443505 0.13430925789852932 
0.34613650550102154 0.12963238005556954 0.02815975413914722 
0.08901046297347792 0.20416076708954473 0.20791872398483885 
0.28572559325080804 0.10699345931961668 0.10838498208846944 
0.016140829175181417 0.4576624109608285 0.026900524147683905 
0.172532602414195 0.23133934576036153 0.09788722323505339 
0.0 0.3547497758780476 0.1471476143260166 
0.0330746563137432 0.3983872683994243 0.07101020235974922 
0.09862192735061799 0.24598872667083915 0.15821070772050985 
0.34681449387022156 0.06928330685301667 0.08517667469080989 
0.45867676417359904 0.01012101237467953 0.04425416377234006 
0.4641625115590239 0.009861523458644389 0.03076734221432583 
0.4007884761830599 0.1004957910175254 0.0 
0.30656032546083245 0.08982678859441431 0.10491975821626469 
0.11249856429413399 0.3134768316186021 0.07458564533538994 
0.11452001110936427 0.0736659885393994 0.31492221158660605 
0.03641886141541842 0.22292476228420058 0.24281789878680232 
0.08357510200324499 0.2578534152981718 0.15994785227289618 
0.1701380463022317 0.09700027862303993 0.23521631290291192 
0.11168390851090733 0.2206570876357976 0.16855954104899779 
0.09360770834862542 0.057189958726720114 0.3529432407141057 
0.10836773575217781 0.10835787420133358 0.2875776405944321 
0.23489415043701162 0.024841059733163126 0.24198747047888858 
0.19052085034196178 0.08752729085878994 0.22349349681520436 
0.02513375582388481 0.2354964461473231 0.2419199826481353 
0.08183043023702444 0.15680532866246005 0.2624166530249226 
0.05796143458114949 0.09475269707431629 0.34912605501624305 
0.050092272534975064 0.2786321521751688 0.17262464170856603 
0.48996792078466356 0.0 0.015910338959899257 
0.09518071115142006 0.3185562377111485 0.08790884811373316 
0.34316710853406585 0.11448294265331532 0.04617629887288415 
0.06218037268370066 0.13723512787444966 0.3024677753123009 
0.26587147127910227 0.09239632836334638 0.14415265763145088 
0.08893500904846881 0.10516252160198339 0.313380050703302 
0.286723250390887 0.06079902827761815 0.156244496757379 
0.4343138221604096 0.06700132055871752 0.0 
0.1450924209634773 0.07963799528650205 0.28092047904766926 
0.0967079754126658 0.13020357035342722 0.27539704403105786 
0.05480753107785056 0.026294295331177876 0.4359474507969543 
0.3192822731351363 0.07092715298049655 0.11223571072576735 
0.21503107283571724 0.10176008103867176 0.18649099840885702 
0.07158204983478987 0.001866994753053314 0.44070623667098874 
0.4583699425430886 0.02006201909102269 0.02323103003146285 
0.3111741787135678 0.1224229870920209 0.06783670570709069 
0.24206883845998237 0.19901604927740865 0.06189944914604714 
0.22343771999368955 0.19256635600908112 0.08716783158639053 
0.1442362208725075 0.24818787249843544 0.1086499526269746 
0.19232962798073203 0.2284190960860468 0.08032499254724074 
0.40371152306986025 0.04818593850517083 0.05407637215181562 
0.1645185503993117 0.21352661363928255 0.12215760947103346 
